-5	6.190219995874365e-5
-4	3.1103239515065926e-5
-3	1.2294141344720743e-5
-2	2.156669921481639e-6
-1	8.034805140160824e-8
0	7.991128239748469e-10
1	5.86959172303915e-10
2	3.873748086556231e-10
3	2.7123089467536476e-10
4	2.1043713470947585e-10
5	1.6288771014874041e-10
6	1.2318255752168713e-10
7	8.757680540490474e-11
8	7.521402505315445e-11
9	5.3520578466649345e-11
10	4.2205691371627966e-11
11	3.325178024717175e-11
12	2.713703020608762e-11
13	1.9235958320153467e-11
14	1.5565095971278474e-11
15	1.2921642805999206e-11
