-5	5.807911764312703e-10
-4	2.9654378382605e-10
-3	1.2218714367078744e-10
-2	2.2411926907709686e-11
-1	8.92076564802249e-13
0	8.403082191060776e-15
1	6.180742834711752e-15
2	4.12781131429296e-15
3	2.891995240272425e-15
4	2.255894247363274e-15
5	1.7348460595752914e-15
6	1.3144190940157017e-15
7	9.42558000665136e-16
8	8.089540292333331e-16
9	5.740440634874495e-16
10	4.573254322059513e-16
11	3.565175840414562e-16
12	2.9527881824665794e-16
13	2.117023567270966e-16
14	1.6934019614406172e-16
15	1.396286040131749e-16
