-5	9.073957986381252e-15
-4	7.207701029284518e-15
-3	5.725280435011958e-15
-2	4.547751901244514e-15
-1	3.612407739679551e-15
0	2.8694374629639887e-15
1	2.279275194607906e-15
2	1.8104926417837414e-15
3	1.4381254241293802e-15
4	1.142343629460799e-15
5	9.073957986381254e-16
6	7.207701029284517e-16
7	5.725280435011958e-16
8	4.547751901244513e-16
9	3.612407739679549e-16
10	2.869437462963989e-16
11	2.279275194607906e-16
12	1.8104926417837414e-16
13	1.43812542412938e-16
14	1.1423436294607995e-16
15	9.073957986381253e-17
