-5	4.9206409725046605e-6
-4	4.778410247307008e-6
-3	4.735519176998315e-6
-2	4.400205913418415e-6
-1	4.106792593874275e-6
0	3.227595346926495e-6
1	2.3781644990741374e-6
2	1.0338467001480183e-6
3	2.4280781277189037e-7
4	3.2267098562432906e-8
5	2.2270282621320726e-10
6	1.501405752064649e-10
7	1.1439026012024867e-10
8	8.793251563957155e-11
9	6.701480206635655e-11
10	5.0312836132399577e-11
11	3.9157287480175684e-11
12	3.0600405400923803e-11
13	2.247806084906115e-11
14	1.815711579542213e-11
15	1.465902888403663e-11
