-5	1.2110811086037608e-10
-4	1.192148594366066e-10
-3	1.1960842214483286e-10
-2	1.1249287975038309e-10
-1	1.0400425592214163e-10
0	8.76763994991205e-11
1	6.11194039556961e-11
2	2.638494003312045e-11
3	5.644956138502265e-12
4	7.640091646211525e-13
5	2.4549023238633063e-15
6	1.63864157826472e-15
7	1.2479924992969572e-15
8	9.602275507999346e-16
9	7.23288039505097e-16
10	5.505408662936857e-16
11	4.2666971684451224e-16
12	3.3228066092190587e-16
13	2.4787195484290966e-16
14	1.9725053114671607e-16
15	1.581539225717385e-16
