-5	1.8603691914801784e-14
-4	1.460730481247051e-14
-3	1.1421403433359194e-14
-2	8.881646978306765e-15
-1	6.858574838903533e-15
0	5.250735230080166e-15
1	3.9790817874639136e-15
2	2.982154953949649e-15
3	2.211617760000893e-15
4	1.6279385358842423e-15
5	1.1965090407416892e-15
6	8.850809672647935e-16
7	6.634523234687745e-16
8	5.052438888612159e-16
9	3.900368059094228e-16
10	3.0392412848569867e-16
11	2.381821267089259e-16
12	1.8732922580667232e-16
13	1.476899960119372e-16
14	1.1664141887990222e-16
15	9.223960044017241e-17
