-5	1.7049916881418064e-9
-4	1.3387306888048613e-9
-3	1.0467491081863144e-9
-2	8.139854360291995e-10
-1	6.285748627951112e-10
0	4.81219532387393e-10
1	3.646750013455433e-10
2	2.733086224240044e-10
3	2.0269040765764036e-10
4	1.4919735744924844e-10
5	1.0965769475186677e-10
6	8.111592577591133e-11
7	6.080409749704683e-11
8	4.630460636189233e-11
9	3.574610433189547e-11
10	2.78540472110038e-11
11	2.182892235382323e-11
12	1.7168354238993475e-11
13	1.3535496974216179e-11
14	1.068995609011723e-11
15	8.453577536558067e-12
