-5	0.04362559655074832
-4	0.027055991532954234
-3	0.009497510522400214
-2	0.009890776612896687
-1	0.0025333186395260837
0	2.9555982673250047e-6
1	2.591144141377017e-6
2	1.6374142327934324e-6
3	1.2964244108166042e-6
4	1.0805742949375768e-6
5	1.091816775770719e-6
6	5.428203505805251e-7
7	4.559213256776794e-7
8	2.926009777414289e-7
9	2.8167644500902936e-7
10	2.0763069797325113e-7
11	1.9081391850707092e-7
12	1.3924887805052105e-7
13	1.0785654657945388e-7
14	7.130810334109018e-8
15	7.367375326225963e-8
