-5	0.010385838761958803
-4	0.008506107401168828
-3	0.00392875694165685
-2	0.003907679659632071
-1	2.5614762073058236e-4
0	4.3411358704459196e-10
1	3.497909946541104e-10
2	2.0842504706364766e-10
3	1.639808477622548e-10
4	1.408354119572588e-10
5	1.4188606560430275e-10
6	7.989625115772229e-11
7	6.437349868957309e-11
8	4.0402164150398954e-11
9	3.763415731890456e-11
10	2.8632021563518982e-11
11	2.5636397083542275e-11
12	1.9299112876930953e-11
13	1.525140905038519e-11
14	9.24839165735871e-12
15	9.572065513286229e-12
