-5	0.0017334795016127047
-4	0.0010993241914662888
-3	6.677118409982837e-4
-2	3.4993604136817973e-4
-1	1.6490928715790214e-4
0	4.9930475414418395e-15
1	3.9008694651877015e-15
2	2.234921930814917e-15
3	1.7135636448051621e-15
4	1.4794848392739676e-15
5	1.489145124562734e-15
6	9.023584631192294e-16
7	7.224649868643068e-16
8	4.541357568480224e-16
9	3.9488089000282654e-16
10	3.074735770922022e-16
11	2.757226660270361e-16
12	2.10197175861745e-16
13	1.6629992271254844e-16
14	9.60540945386744e-17
15	9.993013339969346e-17
