-5	0.012808502415565307
-4	0.008568588747877671
-3	0.003649595837755975
-2	0.0017745875550790563
-1	3.984225156259947e-4
0	8.614470230373083e-5
1	1.562082640291434e-5
2	2.776339866503262e-10
3	1.9597820976062103e-10
4	1.4648951276769775e-10
5	1.1515540695340502e-10
6	8.32709042481674e-11
7	5.952922061463356e-11
8	4.8252916869810856e-11
9	3.668546297555383e-11
10	2.832668479118804e-11
11	2.202164780163504e-11
12	1.7971950409048304e-11
13	1.3210290384070338e-11
14	1.051835767105606e-11
15	8.747090851708509e-12
