-5	0.0017123898891935494
-4	0.0012000185123324104
-3	5.718204938468898e-4
-2	2.9875603395115104e-4
-1	8.141699624110805e-5
0	2.4461831890151964e-5
1	6.944433888971102e-6
2	3.072738272024235e-15
3	2.1137400864245628e-15
4	1.591881398216038e-15
5	1.2393229868722717e-15
6	8.993708024261785e-16
7	6.38955911078729e-16
8	5.188322191591998e-16
9	3.924902887284799e-16
10	3.059075410046679e-16
11	2.361675144429663e-16
12	1.9441573505810677e-16
13	1.4435303291075755e-16
14	1.1358629581930264e-16
15	9.443690199196888e-17
