-5	0.04532339883161985
-4	0.027756761538805075
-3	0.012075651807280303
-2	0.006173533984878493
-1	0.003029344982697811
0	0.0021418134356232066
1	0.001509306269970137
2	0.0010705951719194964
3	8.013593619919794e-4
4	5.940393795165808e-4
5	4.6340829339747375e-4
6	3.1946761827492744e-4
7	2.3995908189717343e-4
8	1.9676643004540997e-4
9	1.5284102123823878e-4
10	1.1230537333913958e-4
11	8.80207892003571e-5
12	7.413783512129311e-5
13	5.1465266596051004e-5
14	4.153727373477844e-5
15	3.482717020818817e-5
