-5	1.1977483291298392e-10
-4	1.1357446774473923e-10
-3	1.0664848037954565e-10
-2	8.9102055210707e-11
-1	5.636922906688782e-11
0	2.2220583946041684e-11
1	2.5026289333669884e-12
2	1.8865806290455387e-13
3	2.976001860857896e-15
4	1.9609929265838306e-15
5	1.4816123797804387e-15
6	1.0915524633247627e-15
7	8.782006138677572e-16
8	6.450015592028155e-16
9	5.239265683855339e-16
10	3.779697701867788e-16
11	2.9787486576312226e-16
12	2.387581744004472e-16
13	1.8132257902469821e-16
14	1.476092712161661e-16
15	1.137828984494292e-16
