-5	5.943939111373985e-10
-4	2.81389716087407e-10
-3	2.8148589393987888e-11
-2	8.553402027179182e-12
-1	3.863158712374802e-13
0	3.413668847850968e-14
1	2.3589353922253542e-15
2	1.6755882244665032e-15
3	1.46746842096002e-15
4	1.1216856534968595e-15
5	9.426269338897913e-16
6	6.997273116273554e-16
7	5.569372395538623e-16
8	4.707798334152e-16
9	3.5024459329193944e-16
10	3.053969223853066e-16
11	2.2693850074378265e-16
12	1.8332249188388877e-16
13	1.405811463037731e-16
14	1.1011081933226774e-16
15	9.193944834134614e-17
