-5	4.544734468139941e-5
-4	2.2981828007214387e-5
-3	2.6751633771531286e-6
-2	6.60990219262053e-7
-1	3.2120684359142716e-8
0	1.5281114154906447e-9
1	2.1666847451429125e-10
2	1.56037907993563e-10
3	1.3580275023185344e-10
4	1.0200950984297167e-10
5	8.79380633195147e-11
6	6.460332822217156e-11
7	5.122054052208172e-11
8	4.3265163866359546e-11
9	3.240264466672902e-11
10	2.8054011921434148e-11
11	2.087334325745661e-11
12	1.692299221238244e-11
13	1.2896301238568982e-11
14	1.0177092175094946e-11
15	8.574006097505003e-12
