0	0.0625
1	0.0625
2	0.0625
3	0.0625
4	0.0625
5	0.0625
6	0.0625
7	0.0625
8	0.0625
9	0.0625
10	0.0625
11	0.0625
12	0.0625
13	0.09375
14	0.09375
15	0.09375
16	0.09375
17	0.09375
18	0.09375
19	0.09375
20	0.09375
21	0.09375
22	0.09375
23	0.09375
24	0.09375
25	0.09375
26	0.09375
27	0.09375
28	0.125
29	0.125
30	0.125
31	0.125
32	0.125
33	0.125
34	0.125
35	0.125
36	0.125
37	0.125
38	0.125
39	0.125
40	0.125
41	0.125
42	0.125
43	0.15625
44	0.15625
45	0.15625
46	0.15625
47	0.15625
48	0.15625
49	0.15625
50	0.15625
51	0.15625
52	0.15625
53	0.15625
54	0.15625
55	0.15625
56	0.15625
57	0.15625
58	0.1875
59	0.1875
60	0.1875
61	0.1875
62	0.1875
63	0.1875
