0	0.24999999999999983
1	0.24999999999999983
2	0.24999999999999983
3	0.24999999999999983
4	0.24999999999999983
5	0.24999999999999983
6	0.24999999999999983
7	0.24999999999999983
8	0.27083333333333315
9	0.27083333333333315
10	0.27083333333333315
11	0.27083333333333315
12	0.27083333333333315
13	0.27083333333333315
14	0.27083333333333315
15	0.27083333333333315
16	0.27083333333333315
17	0.27083333333333315
18	0.27083333333333315
19	0.27083333333333315
20	0.27083333333333315
21	0.27083333333333315
22	0.27083333333333315
23	0.29166666666666646
24	0.29166666666666646
25	0.29166666666666646
26	0.29166666666666646
27	0.29166666666666646
28	0.29166666666666646
29	0.29166666666666646
30	0.29166666666666646
31	0.29166666666666646
32	0.29166666666666646
33	0.29166666666666646
34	0.29166666666666646
35	0.29166666666666646
36	0.29166666666666646
37	0.3124999999999998
38	0.3124999999999998
39	0.3124999999999998
40	0.3124999999999998
41	0.3124999999999998
42	0.3124999999999998
43	0.3124999999999998
44	0.3124999999999998
45	0.3124999999999998
46	0.3124999999999998
47	0.3124999999999998
48	0.3124999999999998
49	0.3124999999999998
50	0.3124999999999998
51	0.3333333333333331
52	0.3333333333333331
53	0.3333333333333331
54	0.3333333333333331
55	0.3333333333333331
56	0.3333333333333331
57	0.3333333333333331
58	0.3333333333333331
59	0.3333333333333331
60	0.3333333333333331
61	0.3333333333333331
62	0.3333333333333331
63	0.3333333333333331
64	0.3541666666666664
65	0.3541666666666664
66	0.3541666666666664
67	0.3541666666666664
68	0.3541666666666664
69	0.3541666666666664
70	0.3541666666666664
71	0.3541666666666664
72	0.3541666666666664
73	0.3541666666666664
74	0.3541666666666664
75	0.3541666666666664
76	0.3749999999999997
77	0.3749999999999997
78	0.3749999999999997
79	0.3749999999999997
80	0.3749999999999997
81	0.3749999999999997
82	0.3749999999999997
83	0.3749999999999997
84	0.3749999999999997
85	0.3749999999999997
86	0.3749999999999997
87	0.3749999999999997
88	0.39583333333333304
89	0.39583333333333304
90	0.39583333333333304
91	0.39583333333333304
92	0.39583333333333304
93	0.39583333333333304
94	0.39583333333333304
95	0.39583333333333304
96	0.39583333333333304
97	0.39583333333333304
98	0.39583333333333304
99	0.41666666666666635
100	0.41666666666666635
101	0.41666666666666635
102	0.41666666666666635
103	0.41666666666666635
104	0.41666666666666635
105	0.41666666666666635
106	0.41666666666666635
107	0.41666666666666635
108	0.41666666666666635
109	0.41666666666666635
110	0.43749999999999967
111	0.43749999999999967
112	0.43749999999999967
113	0.43749999999999967
114	0.43749999999999967
115	0.43749999999999967
116	0.43749999999999967
117	0.43749999999999967
118	0.43749999999999967
119	0.43749999999999967
120	0.458333333333333
121	0.458333333333333
122	0.458333333333333
123	0.458333333333333
124	0.458333333333333
125	0.458333333333333
126	0.458333333333333
127	0.458333333333333
128	0.458333333333333
129	0.458333333333333
130	0.4791666666666663
131	0.4791666666666663
132	0.4791666666666663
133	0.4791666666666663
134	0.4791666666666663
135	0.4791666666666663
136	0.4791666666666663
137	0.4791666666666663
138	0.4791666666666663
139	0.4791666666666663
140	0.4999999999999996
141	0.4999999999999996
142	0.4999999999999996
143	0.4999999999999996
144	-0.5
145	-0.5
146	-0.5
147	-0.5
148	-0.5
149	-0.5
150	-0.4791666666666667
151	-0.4791666666666667
152	-0.4791666666666667
153	-0.4791666666666667
154	-0.4791666666666667
155	-0.4791666666666667
156	-0.4791666666666667
157	-0.4791666666666667
158	-0.4791666666666667
159	-0.45833333333333337
160	-0.45833333333333337
161	-0.45833333333333337
162	-0.45833333333333337
163	-0.45833333333333337
164	-0.45833333333333337
165	-0.45833333333333337
166	-0.45833333333333337
167	-0.45833333333333337
168	-0.43750000000000006
169	-0.43750000000000006
170	-0.43750000000000006
171	-0.43750000000000006
172	-0.43750000000000006
173	-0.43750000000000006
174	-0.43750000000000006
175	-0.43750000000000006
176	-0.43750000000000006
177	-0.41666666666666674
178	-0.41666666666666674
179	-0.41666666666666674
180	-0.41666666666666674
181	-0.41666666666666674
182	-0.41666666666666674
183	-0.41666666666666674
184	-0.41666666666666674
185	-0.41666666666666674
186	-0.3958333333333334
187	-0.3958333333333334
188	-0.3958333333333334
189	-0.3958333333333334
190	-0.3958333333333334
191	-0.3958333333333334
192	-0.3958333333333334
193	-0.3958333333333334
194	-0.3958333333333334
195	-0.3958333333333334
196	-0.3750000000000001
197	-0.3750000000000001
198	-0.3750000000000001
